#!/usr/bin/env python3

import numpy as np
from matplotlib import pyplot as plt

image = np.float32(
    [[ 1.00000000e+00 , 9.51056516e-01 , 8.09016994e-01 , 5.87785252e-01,
       3.09016994e-01 , 6.12323400e-17, -3.09016994e-01, -5.87785252e-01,
       -8.09016994e-01, -9.51056516e-01, -1.00000000e+00, -9.51056516e-01,
       -8.09016994e-01, -5.87785252e-01, -3.09016994e-01, -1.83697020e-16,
       3.09016994e-01 , 5.87785252e-01 , 8.09016994e-01 , 9.51056516e-01],
     [ 3.09016994e-01 , 6.12323400e-17, -3.09016994e-01, -5.87785252e-01,
       -8.09016994e-01, -9.51056516e-01, -1.00000000e+00, -9.51056516e-01,
       -8.09016994e-01, -5.87785252e-01, -3.09016994e-01, -1.83697020e-16,
       3.09016994e-01 , 5.87785252e-01 , 8.09016994e-01 , 9.51056516e-01,
       1.00000000e+00 , 9.51056516e-01 , 8.09016994e-01 , 5.87785252e-01],
     [-8.09016994e-01, -9.51056516e-01, -1.00000000e+00, -9.51056516e-01,
      -8.09016994e-01, -5.87785252e-01, -3.09016994e-01, -1.83697020e-16,
      3.09016994e-01 , 5.87785252e-01 , 8.09016994e-01 , 9.51056516e-01,
      1.00000000e+00 , 9.51056516e-01 , 8.09016994e-01 , 5.87785252e-01,
      3.09016994e-01 , 3.06161700e-16, -3.09016994e-01, -5.87785252e-01],
     [-8.09016994e-01, -5.87785252e-01, -3.09016994e-01, -1.83697020e-16,
      3.09016994e-01 , 5.87785252e-01 , 8.09016994e-01 , 9.51056516e-01,
      1.00000000e+00 , 9.51056516e-01 , 8.09016994e-01 , 5.87785252e-01,
      3.09016994e-01 , 3.06161700e-16, -3.09016994e-01, -5.87785252e-01,
      -8.09016994e-01, -9.51056516e-01, -1.00000000e+00, -9.51056516e-01],
     [ 3.09016994e-01 , 5.87785252e-01 , 8.09016994e-01 , 9.51056516e-01,
       1.00000000e+00 , 9.51056516e-01 , 8.09016994e-01 , 5.87785252e-01,
       3.09016994e-01 , 3.06161700e-16, -3.09016994e-01, -5.87785252e-01,
       -8.09016994e-01, -9.51056516e-01, -1.00000000e+00, -9.51056516e-01,
       -8.09016994e-01, -5.87785252e-01, -3.09016994e-01, -4.28626380e-16],
     [ 1.00000000e+00 , 9.51056516e-01 , 8.09016994e-01 , 5.87785252e-01,
       3.09016994e-01 , 3.06161700e-16, -3.09016994e-01, -5.87785252e-01,
       -8.09016994e-01, -9.51056516e-01, -1.00000000e+00, -9.51056516e-01,
       -8.09016994e-01, -5.87785252e-01, -3.09016994e-01, -4.28626380e-16,
       3.09016994e-01 , 5.87785252e-01 , 8.09016994e-01 , 9.51056516e-01],
     [ 3.09016994e-01 , 3.06161700e-16, -3.09016994e-01, -5.87785252e-01,
       -8.09016994e-01, -9.51056516e-01, -1.00000000e+00, -9.51056516e-01,
       -8.09016994e-01, -5.87785252e-01, -3.09016994e-01, -4.28626380e-16,
       3.09016994e-01 , 5.87785252e-01 , 8.09016994e-01 , 9.51056516e-01,
       1.00000000e+00 , 9.51056516e-01 , 8.09016994e-01 , 5.87785252e-01],
     [-8.09016994e-01, -9.51056516e-01, -1.00000000e+00, -9.51056516e-01,
      -8.09016994e-01, -5.87785252e-01, -3.09016994e-01, -4.28626380e-16,
      3.09016994e-01 , 5.87785252e-01 , 8.09016994e-01 , 9.51056516e-01,
      1.00000000e+00 , 9.51056516e-01 , 8.09016994e-01 , 5.87785252e-01,
      3.09016994e-01 , 5.51091060e-16, -3.09016994e-01, -5.87785252e-01],
     [-8.09016994e-01, -5.87785252e-01, -3.09016994e-01, -4.28626380e-16,
      3.09016994e-01 , 5.87785252e-01 , 8.09016994e-01 , 9.51056516e-01,
      1.00000000e+00 , 9.51056516e-01 , 8.09016994e-01 , 5.87785252e-01,
      3.09016994e-01 , 5.51091060e-16, -3.09016994e-01, -5.87785252e-01,
      -8.09016994e-01, -9.51056516e-01, -1.00000000e+00, -9.51056516e-01],
     [ 3.09016994e-01 , 5.87785252e-01 , 8.09016994e-01 , 9.51056516e-01,
       1.00000000e+00 , 9.51056516e-01 , 8.09016994e-01 , 5.87785252e-01,
       3.09016994e-01 , 5.51091060e-16, -3.09016994e-01, -5.87785252e-01,
       -8.09016994e-01, -9.51056516e-01, -1.00000000e+00, -9.51056516e-01,
       -8.09016994e-01, -5.87785252e-01, -3.09016994e-01, -2.44991258e-15],
     [ 1.00000000e+00 , 9.51056516e-01 , 8.09016994e-01 , 5.87785252e-01,
       3.09016994e-01 , 5.51091060e-16, -3.09016994e-01, -5.87785252e-01,
       -8.09016994e-01, -9.51056516e-01, -1.00000000e+00, -9.51056516e-01,
       -8.09016994e-01, -5.87785252e-01, -3.09016994e-01, -2.44991258e-15,
       3.09016994e-01 , 5.87785252e-01 , 8.09016994e-01 , 9.51056516e-01],
     [ 3.09016994e-01, -1.22526578e-15, -3.09016994e-01, -5.87785252e-01,
       -8.09016994e-01, -9.51056516e-01, -1.00000000e+00, -9.51056516e-01,
       -8.09016994e-01, -5.87785252e-01, -3.09016994e-01 , 1.10280110e-15,
       3.09016994e-01 , 5.87785252e-01 , 8.09016994e-01 , 9.51056516e-01,
       1.00000000e+00 , 9.51056516e-01 , 8.09016994e-01 , 5.87785252e-01],
     [-8.09016994e-01, -9.51056516e-01, -1.00000000e+00, -9.51056516e-01,
      -8.09016994e-01, -5.87785252e-01, -3.09016994e-01, -2.44991258e-15,
      3.09016994e-01 , 5.87785252e-01 , 8.09016994e-01 , 9.51056516e-01,
      1.00000000e+00 , 9.51056516e-01 , 8.09016994e-01 , 5.87785252e-01,
      3.09016994e-01, -9.80336420e-16, -3.09016994e-01, -5.87785252e-01],
     [-8.09016994e-01, -5.87785252e-01, -3.09016994e-01, -2.44991258e-15,
      3.09016994e-01 , 5.87785252e-01 , 8.09016994e-01 , 9.51056516e-01,
      1.00000000e+00 , 9.51056516e-01 , 8.09016994e-01 , 5.87785252e-01,
      3.09016994e-01, -9.80336420e-16, -3.09016994e-01, -5.87785252e-01,
      -8.09016994e-01, -9.51056516e-01, -1.00000000e+00, -9.51056516e-01],
     [ 3.09016994e-01 , 5.87785252e-01 , 8.09016994e-01 , 9.51056516e-01,
       1.00000000e+00 , 9.51056516e-01 , 8.09016994e-01 , 5.87785252e-01,
       3.09016994e-01, -9.80336420e-16, -3.09016994e-01, -5.87785252e-01,
       -8.09016994e-01, -9.51056516e-01, -1.00000000e+00, -9.51056516e-01,
       -8.09016994e-01, -5.87785252e-01, -3.09016994e-01, -2.69484194e-15],
     [ 1.00000000e+00 , 9.51056516e-01 , 8.09016994e-01 , 5.87785252e-01,
       3.09016994e-01, -9.80336420e-16, -3.09016994e-01, -5.87785252e-01,
       -8.09016994e-01, -9.51056516e-01, -1.00000000e+00, -9.51056516e-01,
       -8.09016994e-01, -5.87785252e-01, -3.09016994e-01, -2.69484194e-15,
       3.09016994e-01 , 5.87785252e-01 , 8.09016994e-01 , 9.51056516e-01],
     [ 3.09016994e-01, -9.80336420e-16, -3.09016994e-01, -5.87785252e-01,
       -8.09016994e-01, -9.51056516e-01, -1.00000000e+00, -9.51056516e-01,
       -8.09016994e-01, -5.87785252e-01, -3.09016994e-01 , 8.57871740e-16,
       3.09016994e-01 , 5.87785252e-01 , 8.09016994e-01 , 9.51056516e-01,
       1.00000000e+00 , 9.51056516e-01 , 8.09016994e-01 , 5.87785252e-01],
     [-8.09016994e-01, -9.51056516e-01, -1.00000000e+00, -9.51056516e-01,
      -8.09016994e-01, -5.87785252e-01, -3.09016994e-01, -2.69484194e-15,
      3.09016994e-01 , 5.87785252e-01 , 8.09016994e-01 , 9.51056516e-01,
      1.00000000e+00 , 9.51056516e-01 , 8.09016994e-01 , 5.87785252e-01,
      3.09016994e-01, -7.35407060e-16, -3.09016994e-01, -5.87785252e-01],
     [-8.09016994e-01, -5.87785252e-01, -3.09016994e-01, -2.69484194e-15,
      3.09016994e-01 , 5.87785252e-01 , 8.09016994e-01 , 9.51056516e-01,
      1.00000000e+00 , 9.51056516e-01 , 8.09016994e-01 , 5.87785252e-01,
      3.09016994e-01, -7.35407060e-16, -3.09016994e-01, -5.87785252e-01,
      -8.09016994e-01, -9.51056516e-01, -1.00000000e+00, -9.51056516e-01],
     [ 3.09016994e-01 , 5.87785252e-01 , 8.09016994e-01 , 9.51056516e-01,
       1.00000000e+00 , 9.51056516e-01 , 8.09016994e-01 , 5.87785252e-01,
       3.09016994e-01, -7.35407060e-16, -3.09016994e-01, -5.87785252e-01,
       -8.09016994e-01, -9.51056516e-01, -1.00000000e+00, -9.51056516e-01,
       -8.09016994e-01, -5.87785252e-01, -3.09016994e-01, -2.93977130e-15]]
)

plt.imshow(image, cmap='gray')
plt.waitforbuttonpress()
