#!/usr/bin/env python3

import numpy as np
from matplotlib import pyplot as plt

image = np.float32(
    [[ 1.00000000e+00 , 6.12323400e-17, -1.00000000e+00, -1.83697020e-16,
       1.00000000e+00 , 3.06161700e-16, -1.00000000e+00, -4.28626380e-16,
       1.00000000e+00 , 5.51091060e-16, -1.00000000e+00, -2.44991258e-15,
       1.00000000e+00, -9.80336420e-16, -1.00000000e+00, -2.69484194e-15,
       1.00000000e+00, -7.35407060e-16, -1.00000000e+00, -2.93977130e-15],
     [ 1.00000000e+00 , 3.06161700e-16, -1.00000000e+00, -4.28626380e-16,
       1.00000000e+00 , 5.51091060e-16, -1.00000000e+00, -2.44991258e-15,
       1.00000000e+00, -9.80336420e-16, -1.00000000e+00, -2.69484194e-15,
       1.00000000e+00, -7.35407060e-16, -1.00000000e+00, -2.93977130e-15,
       1.00000000e+00, -4.90477700e-16, -1.00000000e+00, -3.18470066e-15],
     [ 1.00000000e+00 , 5.51091060e-16, -1.00000000e+00, -2.44991258e-15,
       1.00000000e+00, -9.80336420e-16, -1.00000000e+00, -2.69484194e-15,
       1.00000000e+00, -7.35407060e-16, -1.00000000e+00, -2.93977130e-15,
       1.00000000e+00, -4.90477700e-16, -1.00000000e+00, -3.18470066e-15,
       1.00000000e+00, -2.45548340e-16, -1.00000000e+00, -3.42963002e-15],
     [ 1.00000000e+00, -9.80336420e-16, -1.00000000e+00, -2.69484194e-15,
       1.00000000e+00, -7.35407060e-16, -1.00000000e+00, -2.93977130e-15,
       1.00000000e+00, -4.90477700e-16, -1.00000000e+00, -3.18470066e-15,
       1.00000000e+00, -2.45548340e-16, -1.00000000e+00, -3.42963002e-15,
       1.00000000e+00, -6.18980637e-19, -1.00000000e+00, -3.67455938e-15],
     [ 1.00000000e+00, -7.35407060e-16, -1.00000000e+00, -2.93977130e-15,
       1.00000000e+00, -4.90477700e-16, -1.00000000e+00, -3.18470066e-15,
       1.00000000e+00, -2.45548340e-16, -1.00000000e+00, -3.42963002e-15,
       1.00000000e+00, -6.18980637e-19, -1.00000000e+00, -3.67455938e-15,
       1.00000000e+00 , 2.44310379e-16, -1.00000000e+00, -3.91948874e-15],
     [ 1.00000000e+00, -4.90477700e-16, -1.00000000e+00, -3.18470066e-15,
       1.00000000e+00, -2.45548340e-16, -1.00000000e+00, -3.42963002e-15,
       1.00000000e+00, -6.18980637e-19, -1.00000000e+00, -3.67455938e-15,
       1.00000000e+00 , 2.44310379e-16, -1.00000000e+00, -3.91948874e-15,
       1.00000000e+00 , 4.89239739e-16, -1.00000000e+00, -4.16441810e-15],
     [ 1.00000000e+00, -2.45548340e-16, -1.00000000e+00, -3.42963002e-15,
       1.00000000e+00, -6.18980637e-19, -1.00000000e+00, -3.67455938e-15,
       1.00000000e+00 , 2.44310379e-16, -1.00000000e+00, -3.91948874e-15,
       1.00000000e+00 , 4.89239739e-16, -1.00000000e+00, -4.16441810e-15,
       1.00000000e+00, -6.37125826e-15, -1.00000000e+00, -4.40934746e-15],
     [ 1.00000000e+00, -6.18980637e-19, -1.00000000e+00, -3.67455938e-15,
       1.00000000e+00 , 2.44310379e-16, -1.00000000e+00, -3.91948874e-15,
       1.00000000e+00 , 4.89239739e-16, -1.00000000e+00, -4.16441810e-15,
       1.00000000e+00, -6.37125826e-15, -1.00000000e+00, -4.40934746e-15,
       1.00000000e+00 , 9.79098459e-16, -1.00000000e+00 , 2.45115054e-15],
     [ 1.00000000e+00 , 2.44310379e-16, -1.00000000e+00, -3.91948874e-15,
       1.00000000e+00 , 4.89239739e-16, -1.00000000e+00, -4.16441810e-15,
       1.00000000e+00 , 7.83959646e-15, -1.00000000e+00, -4.40934746e-15,
       1.00000000e+00 , 9.79098459e-16, -1.00000000e+00 , 2.45115054e-15,
       1.00000000e+00 , 8.32945518e-15, -1.00000000e+00, -4.89920618e-15],
     [ 1.00000000e+00 , 4.89239739e-16, -1.00000000e+00, -4.16441810e-15,
       1.00000000e+00 , 7.83959646e-15, -1.00000000e+00, -4.40934746e-15,
       1.00000000e+00 , 9.79098459e-16, -1.00000000e+00 , 2.45115054e-15,
       1.00000000e+00 , 8.32945518e-15, -1.00000000e+00, -4.89920618e-15,
       1.00000000e+00 , 1.46895718e-15, -1.00000000e+00, -1.22495629e-14],
     [ 1.00000000e+00 , 7.83959646e-15, -1.00000000e+00, -4.40934746e-15,
       1.00000000e+00 , 9.79098459e-16, -1.00000000e+00 , 2.45115054e-15,
       1.00000000e+00 , 8.32945518e-15, -1.00000000e+00, -4.89920618e-15,
       1.00000000e+00 , 1.46895718e-15, -1.00000000e+00, -1.22495629e-14,
       1.00000000e+00, -5.39154082e-15, -1.00000000e+00, -5.38906490e-15],
     [ 1.00000000e+00 , 1.51899532e-14, -1.00000000e+00, -1.17597042e-14,
       1.00000000e+00 , 8.32945518e-15, -1.00000000e+00, -4.89920618e-15,
       1.00000000e+00 , 1.56798119e-14, -1.00000000e+00, -1.22495629e-14,
       1.00000000e+00 , 8.81931390e-15, -1.00000000e+00, -5.38906490e-15,
       1.00000000e+00 , 1.61696706e-14, -1.00000000e+00, -1.27394216e-14],
     [ 1.00000000e+00 , 8.32945518e-15, -1.00000000e+00, -4.89920618e-15,
       1.00000000e+00 , 1.46895718e-15, -1.00000000e+00 , 1.96129182e-15,
       1.00000000e+00 , 8.81931390e-15, -1.00000000e+00, -5.38906490e-15,
       1.00000000e+00 , 1.95881590e-15, -1.00000000e+00 , 1.47143310e-15,
       1.00000000e+00 , 9.30917262e-15, -1.00000000e+00, -5.87892362e-15],
     [ 1.00000000e+00 , 1.46895718e-15, -1.00000000e+00 , 1.96129182e-15,
       1.00000000e+00, -5.39154082e-15, -1.00000000e+00 , 8.82178982e-15,
       1.00000000e+00 , 1.95881590e-15, -1.00000000e+00 , 1.47143310e-15,
       1.00000000e+00, -4.90168210e-15, -1.00000000e+00 , 8.33193110e-15,
       1.00000000e+00 , 2.44867462e-15, -1.00000000e+00 , 9.81574381e-16],
     [ 1.00000000e+00 , 8.81931390e-15, -1.00000000e+00, -5.38906490e-15,
       1.00000000e+00 , 1.95881590e-15, -1.00000000e+00 , 1.47143310e-15,
       1.00000000e+00 , 9.30917262e-15, -1.00000000e+00, -5.87892362e-15,
       1.00000000e+00 , 2.44867462e-15, -1.00000000e+00, -1.32292803e-14,
       1.00000000e+00, -4.41182338e-15, -1.00000000e+00, -6.36878234e-15],
     [ 1.00000000e+00 , 1.61696706e-14, -1.00000000e+00, -1.27394216e-14,
       1.00000000e+00 , 9.30917262e-15, -1.00000000e+00, -5.87892362e-15,
       1.00000000e+00 , 1.66595293e-14, -1.00000000e+00, -1.32292803e-14,
       1.00000000e+00 , 9.79903134e-15, -1.00000000e+00, -6.36878234e-15,
       1.00000000e+00 , 1.71493881e-14, -1.00000000e+00, -1.37191391e-14],
     [ 1.00000000e+00 , 9.30917262e-15, -1.00000000e+00, -5.87892362e-15,
       1.00000000e+00 , 2.44867462e-15, -1.00000000e+00 , 9.81574381e-16,
       1.00000000e+00 , 9.79903134e-15, -1.00000000e+00, -6.36878234e-15,
       1.00000000e+00 , 2.93853334e-15, -1.00000000e+00 , 4.91715662e-16,
       1.00000000e+00 , 1.02888901e-14, -1.00000000e+00 , 7.35221366e-15],
     [ 1.00000000e+00 , 2.44867462e-15, -1.00000000e+00 , 9.81574381e-16,
       1.00000000e+00, -4.41182338e-15, -1.00000000e+00 , 7.84207238e-15,
       1.00000000e+00 , 2.93853334e-15, -1.00000000e+00 , 4.91715662e-16,
       1.00000000e+00, -3.92196466e-15, -1.00000000e+00 , 7.35221366e-15,
       1.00000000e+00 , 3.42839206e-15, -1.00000000e+00, -1.42089978e-14],
     [ 1.00000000e+00 , 9.79903134e-15, -1.00000000e+00, -6.36878234e-15,
       1.00000000e+00 , 2.93853334e-15, -1.00000000e+00 , 4.91715662e-16,
       1.00000000e+00 , 1.02888901e-14, -1.00000000e+00 , 7.35221366e-15,
       1.00000000e+00 , 3.42839206e-15, -1.00000000e+00, -1.42089978e-14,
       1.00000000e+00, -3.43210594e-15, -1.00000000e+00, -7.34849978e-15],
     [ 1.00000000e+00 , 1.71493881e-14, -1.00000000e+00, -1.37191391e-14,
       1.00000000e+00 , 1.02888901e-14, -1.00000000e+00, -2.10694958e-14,
       1.00000000e+00 , 3.42839206e-15, -1.00000000e+00, -1.42089978e-14,
       1.00000000e+00 , 2.49896035e-14, -1.00000000e+00, -7.34849978e-15,
       1.00000000e+00 , 1.81291055e-14, -1.00000000e+00, -4.88001778e-16]])

plt.imshow(image, cmap='gray')
plt.waitforbuttonpress()
